0 -46.4
1 -40.8
2 -31.2
3 -28
4 -25.6
5 -20
6 -20
7 -24
8 -19.2
9 -24
10 -20
11 -16.8
12 -16
13 -16.8
14 -15.2
15 -13.6
16 -14.4
17 -11.2
18 -14.4
19 -13.6
20 -16.8
21 -15.2
22 -18.4
23 -22.4
24 -18.4
25 -23.2
26 -16.8
27 -18.4
28 -16
29 -12.8
30 -11.2
31 -11.2
32 -11.2
33 -8.8
34 -11.2
35 -12.8
36 -11.2
37 -12
38 -12.8
39 -12.8
40 -15.2
41 -14.4
42 -13.6
43 -14.4
44 -13.6
45 -10.4
46 -9.6
47 -10.4
48 -10.4
49 -11.2
50 -10.4
51 -11.2
52 -13.6
53 -12.8
54 -12
55 -12
56 -10.4
57 -8.8
58 -12.8
59 -11.2
60 -9.6
61 -12
62 -9.6
63 -9.6
64 -12
65 -12
66 -16.8
67 -11.2
68 -4.8
69 -8
70 -7.2
71 -7.2
72 -8
73 -7.2
74 -6.4
75 -6.4
76 -4.8
77 -7.2
78 -4.8
79 -5.6
80 -5.6
81 -4
82 -9.6
83 -4
84 -5.6
85 -7.2
86 -8
87 -13.6
88 -5.6
89 -7.2
90 -5.6
91 -4.8
92 -5.6
93 -7.2
94 -8
95 -4
96 -4.8
97 -8
98 -6.4
99 -5.6
100 -8.8
101 -5.6
102 -6.4
103 -7.2
104 -6.4
105 -6.4
106 -4
107 -4
108 -10.4
109 -10.4
110 -4.8
111 -12
112 -8
113 -4.8
114 -5.6
115 -9.6
116 -8.8
117 -6.4
118 -6.4
119 -9.6
120 -8
121 -6.4
122 -5.6
123 -10.4
124 -8.8
125 -10.4
126 -8
127 -5.6
128 -7.2
129 -11.2
130 -12
131 -10.4
132 -10.4
133 -16
134 -11.2
135 -9.6
136 -8.8
137 -11.2
138 -10.4
139 -10.4
140 -10.4
141 -8.8
142 -12
143 -16.8
144 -12
145 -12
146 -8.8
147 -6.4
