0 -31.2
1 -23.2
2 -28
3 -24.8
4 -19.2
5 -18.4
6 -24
7 -24.8
8 -18.4
9 -13.6
10 -10.4
11 -6.4
12 -6.4
13 -7.2
14 -4.8
15 -8.8
16 -9.6
17 -4
18 -4
19 -4.8
20 -6.4
21 -7.2
22 -6.4
23 -8.8
24 -5.6
25 -4
26 -4
27 -7.2
28 -7.2
29 -8.8
30 -9.6
31 -4.8
32 -6.4
33 -5.6
34 -8
35 -3.2
36 -4.8
37 -3.2
38 -6.4
39 -10.4
40 -8.8
41 -7.2
42 -3.2
43 -2.4
44 -4.8
45 -8
46 -2.4
47 -6.4
48 -4
49 -4.8
50 -6.4
51 -4
52 -4
53 -2.4
54 -7.2
55 -1.6
56 -3.2
57 -4.8
58 -4.8
59 -1.6
60 -7.2
61 -6.4
62 -5.6
63 -7.2
64 -3.2
65 -4
66 -4.8
67 -3.2
68 -9.6
69 -3.2
70 -3.2
71 -5.6
72 -6.4
73 -4
74 -6.4
75 -3.2
76 -5.6
77 -8
78 -8.8
79 -8.8
80 -5.6
81 -9.6
82 -6.4
83 -10.4
84 -6.4
85 -2.4
86 -8
87 -7.2
88 -9.6
89 -6.4
90 -10.4
91 -5.6
92 -4.8
93 -7.2
94 -9.6
95 -5.6
96 -5.6
97 -10.4
98 -5.6
99 -6.4
100 -7.2
101 -8
102 -4
103 -5.6
104 -8
105 -4.8
106 -6.4
107 -7.2
108 -12.8
109 -8
110 -5.6
111 -12.8
112 -11.2
113 -12.8
114 -8
115 -5.6
116 -8.8
117 -7.2
118 -8.8
119 -3.2
120 -6.4
121 -8.8
122 -5.6
123 -8
124 -5.6
125 -5.6
126 -12.8
127 -11.2
128 -4.8
129 -4.8
130 -4
131 -4
132 -1.6
133 -5.6
134 -6.4
135 -6.4
136 -1.6
137 -4
138 -5.6
139 -10.4
140 -3.2
141 -7.2
142 -3.2
143 -5.6
144 -2.4
145 -5.6
146 -0.8
147 -0.8
148 -4.8
149 -1.6
150 -6.4
151 -4.8
152 -3.2
153 -5.6
154 -6.4
155 -1.6
156 -5.6
157 -3.2
158 -2.4
159 -6.4
160 -4
161 -5.6
162 -2.4
163 -4
164 -4
165 -7.2
166 -8
167 -4.8
168 -8
169 -4
170 -6.4
171 -4
172 -4
173 -3.2
174 -5.6
175 -6.4
176 -2.4
177 -1.6
178 -4
179 -4
180 -1.6
181 -2.4
182 -3.2
183 -4.8
184 -4
185 -3.2
186 -6.4
187 -4.8
188 -5.6
189 -3.2
190 -2.4
191 -12
192 -3.2
193 -4
194 -3.2
195 -4
196 -12
197 -7.2
198 -5.6
199 -4.8
200 -8
201 -5.6
202 -5.6
203 -5.6
204 -4.8
205 -7.2
206 -3.2
207 -3.2
208 -5.6
209 -8.8
210 -2.4
211 -1.6
212 -4
213 -3.2
214 -4
215 -4
216 -8.8
217 -4.8
218 -3.2
219 -3.2
220 -4
221 0
222 -5.6
223 -0.8
224 -0.8
225 -1.6
226 -3.2
227 -7.2
228 -3.2
229 -6.4
230 -0.8
231 -6.4
232 -1.6
233 -4
234 -1.6
235 -4.8
236 -1.6
237 -3.2
238 -4
239 -4
240 -4
241 -1.6
242 -8
243 -6.4
244 -4
245 0
246 -5.6
247 -5.6
248 -2.4
249 -3.2
250 -3.2
251 -4.8
252 -0.8
253 -4
254 -4.8
255 -2.4
256 -1.6
257 -1.6
258 -2.4
259 -0.8
260 -5.6
261 -3.2
262 -0.8
263 -5.6
264 -5.6
265 -5.6
266 -7.2
267 -5.6
268 -6.4
269 -4.8
270 -3.2
271 -2.4
272 -4
273 -3.2
274 -1.6
275 -4.8
276 -4.8
277 -2.4
278 -4.8
279 -5.6
280 -4.8
281 -3.2
282 -5.6
283 -4.8
284 -2.4
285 -4
286 -7.2
287 -6.4
288 -0.8
289 -2.4
290 -6.4
291 -2.4
292 -5.6
293 -4.8
294 -0.8
295 -1.6
296 -2.4
297 -2.4
298 -8.8
299 -10.4
300 -8.8
301 -5.6
302 -2.4
303 -6.4
304 -11.2
305 -4.8
306 -3.2
307 -6.4
308 -4.8
309 -5.6
310 -8
311 -9.6
312 -8
313 -4.8
314 -4.8
315 -7.2
316 -4.8
317 -8
318 -4
319 -6.4
320 -5.6
321 -3.2
322 -4.8
323 -3.2
324 -7.2
325 -4.8
326 -4.8
327 -12
328 -8
329 -12
330 -5.6
331 -7.2
332 -6.4
333 -6.4
334 -2.4
335 -4.8
336 -7.2
337 -4.8
338 -4.8
339 -6.4
340 -6.4
341 -2.4
342 -8.8
343 -4
344 -6.4
345 -8
346 -3.2
347 -5.6
348 -7.2
349 -5.6
350 -4
351 -4
352 -6.4
353 -7.2
354 -8.8
355 -9.6
356 -4.8
357 -4.8
358 -6.4
359 -11.2
360 -17.6
361 -11.2
362 -13.6
363 -9.6
364 -11.2
365 -13.6
366 -9.6
367 -12.8
368 -10.4
369 -9.6
370 -10.4
371 -9.6
372 -16
373 -13.6
374 -10.4
375 -8.8
376 -13.6
377 -10.4
378 -16
379 -8.8
380 -15.2
381 -13.6
382 -11.2
383 -13.6
384 -13.6
385 -17.6
386 -13.6
387 -15.2
388 -13.6
389 -12
390 -12
391 -10.4
392 -11.2
393 -14.4
394 -8.8
395 -8
396 -6.4
397 -10.4
398 -7.2
399 -5.6
400 -6.4
401 -6.4
402 -7.2
403 -8
404 -8
405 -5.6
406 -9.6
407 -14.4
408 -15.2
409 -12.8
410 -12
411 -15.2
412 -9.6
413 -11.2
414 -9.6
415 -8.8
416 -8
417 -8.8
418 -8
419 -8.8
420 -10.4
421 -13.6
422 -6.4
423 -8.8
424 -8
425 -8.8
426 -8.8
427 -10.4
428 -8
429 -12.8
430 -13.6
431 -7.2
432 -7.2
433 -6.4
434 -6.4
435 -8
436 -8
437 -9.6
438 -8
439 -8.8
440 -9.6
441 -8.8
442 -10.4
443 -7.2
444 -16.8
445 -12.8
446 -14.4
447 -12.8
448 -16
449 -10.4
450 -10.4
451 -12
452 -11.2
453 -10.4
454 -7.2
455 -8.8
456 -8
457 -8
458 -8.8
459 -9.6
460 -16
461 -10.4
462 -12.8
463 -10.4
464 -12
465 -11.2
466 -13.6
467 -7.2
468 -8.8
469 -8.8
470 -9.6
471 -8
472 -12.8
473 -8.8
474 -8.8
475 -7.2
476 -9.6
477 -13.6
478 -10.4
479 -7.2
480 -7.2
481 -3.2
482 -8.8
483 -12
484 -7.2
485 -3.2
486 -2.4
487 -11.2
488 -5.6
489 -2.4
490 -9.6
491 -3.2
492 -3.2
493 -5.6
494 -5.6
495 -2.4
496 -7.2
497 -10.4
498 -8
499 -9.6
500 -8.8
501 -9.6
502 -6.4
503 -4
504 -6.4
505 -6.4
506 -15.2
507 -4
508 -7.2
509 -7.2
510 -8.8
511 -6.4
512 -8
513 -5.6
514 -4.8
515 -6.4
516 -6.4
517 -7.2
518 -5.6
519 -3.2
520 -4.8
521 -6.4
522 -4
523 -5.6
524 -7.2
525 -14.4
526 -7.2
527 -11.2
528 -11.2
529 -8
530 -8
531 -7.2
532 -8
533 -4.8
534 -4.8
535 -7.2
536 -7.2
537 -7.2
538 -5.6
539 -9.6
540 -7.2
541 -8
542 -7.2
543 -8
544 -6.4
545 -8.8
546 -8
547 -3.2
548 -7.2
549 -5.6
550 -8
551 -4.8
552 -6.4
553 -5.6
554 -5.6
555 -8
556 -7.2
557 -5.6
558 -4.8
559 -9.6
560 -6.4
561 -6.4
562 -6.4
563 -5.6
564 -8
565 -5.6
566 -6.4
567 -6.4
568 -6.4
569 -5.6
570 -6.4
571 -4.8
572 -11.2
573 -7.2
574 -4.8
575 -8
576 -4.8
577 -4.8
578 -6.4
579 -5.6
580 -4.8
581 -2.4
582 -4.8
583 -4
584 -4
585 -3.2
586 -4.8
587 -7.2
588 -5.6
589 -5.6
590 -8
591 -3.2
592 -3.2
593 -5.6
594 -4.8
595 -4
596 -4
597 -4
598 -12.8
599 -8
600 -9.6
601 -11.2
602 -9.6
603 -6.4
604 -5.6
605 -4.8
606 -4
607 -4
608 -7.2
609 -11.2
610 -4.8
611 -6.4
612 -4.8
613 -4.8
614 -5.6
615 -7.2
616 -3.2
617 -7.2
618 -3.2
619 -6.4
620 -5.6
621 -6.4
622 -2.4
623 -7.2
624 -4
625 -2.4
626 -5.6
627 -4.8
628 -8
629 -6.4
630 -8.8
631 -2.4
632 -3.2
633 -6.4
634 -4
635 -4
636 -4.8
637 -2.4
638 -4.8
639 -4.8
640 -10.4
641 -10.4
642 -6.4
643 -9.6
644 -4
645 -8.8
646 -4
647 -2.4
648 -3.2
649 -1.6
650 -3.2
651 -4.8
652 -4
653 -1.6
654 -6.4
655 -3.2
656 -4
657 -3.2
658 -5.6
659 -5.6
660 -10.4
661 -5.6
662 -1.6
663 -1.6
664 -5.6
665 -2.4
666 -4.8
667 -4
668 -8
669 -3.2
670 -6.4
671 -8.8
672 -3.2
673 -4.8
674 -8
675 -7.2
676 -6.4
677 -6.4
678 -5.6
679 -6.4
680 -7.2
681 -7.2
682 -5.6
683 -7.2
684 -5.6
685 -4
686 -8.8
687 -4
688 -10.4
689 -6.4
690 -4
691 -8.8
692 -9.6
693 -7.2
694 -4.8
695 -8
696 -3.2
697 -4
698 -7.2
699 -4
700 -8
701 -6.4
702 -4.8
703 -8
704 -7.2
705 -4.8
706 -5.6
707 -5.6
708 -4.8
709 -5.6
710 -4
711 -8
712 -4
713 -9.6
714 -4.8
715 -6.4
716 -6.4
717 -6.4
718 -5.6
719 -10.4
720 -4
721 -6.4
722 -9.6
723 -7.2
724 -4
725 -4.8
726 -3.2
727 -4
728 -5.6
729 -3.2
730 -9.6
731 -6.4
732 -5.6
733 -5.6
734 -12.8
735 -6.4
736 -8.8
737 -5.6
738 -5.6
739 -5.6
740 -3.2
741 -2.4
742 -5.6
743 -4.8
744 -4
745 -5.6
746 -5.6
747 -4
748 -3.2
749 -3.2
750 -8.8
751 -8
752 -8
753 -8.8
754 -2.4
755 -5.6
756 -2.4
757 -3.2
758 -4.8
759 -2.4
760 -3.2
761 -6.4
762 -4
763 -4
764 -3.2
765 -4
766 -2.4
767 -9.6
768 -11.2
769 -14.4
770 -4.8
771 -2.4
772 -4
773 -8
774 -3.2
775 -7.2
776 -7.2
777 -4.8
778 -3.2
779 -8
780 -4
781 -4.8
782 -9.6
783 -4.8
784 -2.4
785 -2.4
786 -2.4
787 -2.4
788 -5.6
789 -3.2
790 -6.4
791 -8.8
792 -10.4
793 -3.2
794 -8
795 -4
796 -3.2
797 -3.2
798 -3.2
799 -6.4
800 -3.2
801 -4.8
802 -2.4
803 -4.8
804 -4
805 -4
806 -1.6
807 -1.6
808 -1.6
809 -4.8
810 -3.2
811 -7.2
812 -5.6
813 -4.8
814 -4.8
815 -7.2
816 -5.6
817 -5.6
818 -6.4
819 -6.4
820 -6.4
821 -3.2
822 -4
823 -2.4
824 -7.2
825 -2.4
826 -7.2
827 -13.6
828 -6.4
829 -4.8
830 -10.4
831 -8.8
832 -9.6
833 -12.8
834 -14.4
835 -15.2
836 -10.4
837 -13.6
838 -8.8
839 -8
840 -16
841 -11.2
842 -13.6
843 -10.4
844 -8.8
845 -4.8
846 -5.6
847 -4.8
848 -4
849 -8
850 -7.2
851 -7.2
852 -8.8
853 -4
854 -5.6
855 -3.2
856 -4
857 -3.2
858 -4.8
859 -5.6
860 -4
861 -4.8
862 -5.6
863 -12
864 -9.6
865 -12.8
866 -7.2
867 -6.4
868 -6.4
869 -10.4
870 -4.8
871 -8.8
872 -8.8
873 -12.8
874 -8
875 -5.6
876 -8
877 -12
878 -10.4
879 -6.4
880 -8.8
881 -9.6
882 -9.6
883 -8
884 -6.4
885 -8
886 -6.4
887 -12
888 -8.8
889 -11.2
890 -8
891 -12.8
892 -8.8
893 -6.4
894 -8
895 -8.8
896 -8
897 -12.8
898 -10.4
899 -7.2
900 -6.4
901 -6.4
902 -6.4
903 -7.2
904 -6.4
905 -8.8
906 -9.6
907 -10.4
908 -9.6
909 -10.4
910 -11.2
911 -8
912 -10.4
913 -9.6
914 -13.6
915 -8.8
916 -10.4
917 -7.2
918 -7.2
919 -5.6
920 -5.6
921 -8.8
922 -8
923 -8
924 -6.4
925 -12.8
926 -10.4
927 -6.4
928 -9.6
929 -9.6
930 -8
931 -7.2
932 -6.4
933 -6.4
934 -8
935 -5.6
936 -6.4
937 -5.6
938 -6.4
939 -4.8
940 -8
941 -7.2
942 -3.2
943 -6.4
944 -5.6
945 -3.2
946 -7.2
947 -7.2
948 -7.2
949 -10.4
950 -11.2
951 -8
952 -8
953 -12
954 -6.4
955 -10.4
956 -9.6
957 -12.8
958 -13.6
959 -6.4
960 -7.2
961 -9.6
962 -7.2
963 -8
964 -10.4
965 -11.2
966 -10.4
967 -9.6
968 -12
969 -11.2
970 -7.2
971 -8.8
972 -10.4
973 -8
974 -8
975 -11.2
976 -8.8
977 -8
978 -8
979 -8
980 -8.8
981 -6.4
982 -8.8
983 -13.6
984 -7.2
985 -8.8
986 -5.6
987 -7.2
988 -9.6
989 -8
990 -6.4
991 -3.2
992 -4
993 -4.8
994 -8.8
995 -12
996 -8
997 -7.2
998 -4.8
999 -5.6
1000 -5.6
1001 -3.2
1002 -4.8
1003 -5.6
1004 -5.6
1005 -5.6
1006 -8
1007 -7.2
1008 -7.2
1009 -4
1010 -6.4
1011 -2.4
1012 -7.2
1013 -7.2
1014 -5.6
1015 -9.6
1016 -4
1017 -4
1018 -3.2
1019 -4.8
1020 -4
1021 -3.2
1022 -3.2
1023 -3.2
1024 -1.6
1025 -3.2
1026 -4.8
1027 -4
1028 -8
1029 -2.4
1030 -3.2
1031 -2.4
1032 -7.2
1033 -4.8
1034 -6.4
1035 -8
1036 -5.6
1037 -6.4
1038 -7.2
1039 -6.4
1040 -8.8
1041 -8
1042 -12.8
1043 -9.6
1044 -8
1045 -5.6
1046 -4
1047 -4
1048 -6.4
1049 -4
1050 -2.4
1051 -8
1052 -4
1053 -4
1054 -4.8
1055 -2.4
1056 -4.8
1057 0
1058 -2.4
1059 -2.4
1060 -1.6
1061 -0.8
1062 -1.6
1063 -4
1064 -3.2
1065 -4.8
1066 -2.4
1067 -5.6
1068 -5.6
1069 -4
1070 -1.6
1071 -1.6
1072 -12
1073 -5.6
1074 -4.8
1075 -5.6
1076 -4.8
1077 -5.6
1078 -4
1079 -6.4
1080 -3.2
1081 -4.8
1082 -10.4
1083 -5.6
1084 -4
1085 -7.2
1086 -6.4
1087 -7.2
1088 -8.8
1089 -5.6
1090 -8
1091 -7.2
1092 -5.6
1093 -4.8
1094 -5.6
1095 -11.2
1096 -6.4
1097 -5.6
1098 -7.2
1099 -6.4
1100 -5.6
1101 -6.4
1102 -8
1103 -6.4
1104 -6.4
1105 -5.6
1106 -8
1107 -8
1108 -14.4
1109 -8
1110 -8.8
1111 -8
1112 -6.4
1113 -5.6
1114 -8.8
1115 -6.4
1116 -4
1117 -6.4
1118 -8.8
1119 -13.6
1120 -8
1121 -5.6
1122 -4.8
1123 -7.2
1124 -4
1125 -3.2
1126 -6.4
1127 -3.2
1128 -4.8
1129 -4.8
1130 -5.6
1131 -4.8
1132 -9.6
1133 -11.2
1134 -4
1135 -3.2
1136 -4.8
1137 -4
1138 -4.8
1139 -3.2
1140 -8.8
1141 -3.2
1142 -5.6
1143 -4
1144 -4.8
1145 -4.8
1146 -5.6
1147 -3.2
1148 -5.6
1149 -7.2
1150 -4.8
1151 -7.2
1152 -7.2
1153 -2.4
1154 -4
1155 -8
1156 -6.4
1157 -2.4
1158 -4
1159 -4.8
1160 -5.6
1161 -12.8
1162 -11.2
1163 -8
1164 -6.4
1165 -8.8
1166 -7.2
1167 -7.2
1168 -9.6
1169 -6.4
1170 -10.4
1171 -8.8
1172 -8
1173 -10.4
1174 -6.4
1175 -4
1176 -4
1177 -12
1178 -6.4
1179 -4
1180 -5.6
1181 -4
1182 -4.8
1183 -6.4
1184 -6.4
1185 -3.2
1186 -7.2
1187 -11.2
1188 -4
1189 -4
1190 -8.8
1191 -6.4
1192 -6.4
1193 -10.4
1194 -7.2
1195 -9.6
1196 -8.8
1197 -4.8
1198 -7.2
1199 -9.6
1200 -9.6
1201 -5.6
1202 -5.6
1203 -4
1204 -6.4
1205 -5.6
1206 -7.2
1207 -8
1208 -7.2
1209 -8.8
1210 -7.2
1211 -8.8
1212 -10.4
1213 -4.8
1214 -8.8
1215 -9.6
1216 -5.6
1217 -5.6
1218 -7.2
1219 -8.8
1220 -7.2
1221 -10.4
1222 -10.4
1223 -9.6
1224 -15.2
1225 -9.6
1226 -8.8
1227 -5.6
1228 -11.2
1229 -9.6
1230 -4.8
1231 -8
1232 -5.6
1233 -8
1234 -11.2
1235 -5.6
1236 -7.2
1237 -11.2
1238 -6.4
1239 -6.4
1240 -8.8
1241 -8
1242 -8.8
1243 -6.4
1244 -8
1245 -8
1246 -7.2
1247 -3.2
1248 -7.2
1249 -8.8
1250 -7.2
1251 -5.6
1252 -5.6
1253 -11.2
1254 -11.2
1255 -8
1256 -6.4
1257 -5.6
1258 -8.8
1259 -5.6
1260 -3.2
1261 -9.6
1262 -4
1263 -3.2
1264 -7.2
1265 -3.2
1266 -3.2
1267 -4
1268 -4
1269 -2.4
1270 -7.2
1271 -8.8
1272 -7.2
1273 -5.6
1274 -4
1275 -4.8
1276 -5.6
1277 -8
1278 -4
1279 -4
1280 -6.4
1281 -2.4
1282 -6.4
1283 -8
1284 -3.2
1285 -1.6
1286 -4
1287 -3.2
1288 -6.4
1289 -8.8
1290 -4
1291 -7.2
1292 -5.6
1293 -5.6
1294 -2.4
1295 -1.6
1296 -1.6
1297 -3.2
1298 -4.8
1299 -3.2
1300 -1.6
1301 -3.2
1302 -1.6
1303 -4.8
1304 -4.8
1305 -5.6
1306 -7.2
1307 -4.8
1308 -6.4
1309 -3.2
1310 -5.6
1311 -6.4
1312 -7.2
1313 -6.4
1314 -8
1315 -2.4
1316 -4
1317 -4
1318 -9.6
1319 -5.6
1320 -9.6
1321 -8.8
1322 -8
1323 -3.2
1324 -11.2
1325 -9.6
1326 -8
1327 -6.4
1328 -7.2
1329 -6.4
1330 -6.4
1331 -8.8
1332 -8.8
1333 -10.4
1334 -4
1335 -7.2
1336 -4.8
1337 -8
1338 -4
1339 -5.6
1340 -6.4
1341 -4.8
1342 -7.2
1343 -5.6
1344 -5.6
1345 -6.4
1346 -10.4
1347 -5.6
1348 -7.2
1349 -3.2
1350 -6.4
1351 -6.4
1352 -9.6
1353 -4
1354 -10.4
1355 -12
1356 -7.2
1357 -7.2
1358 -8
1359 -8
1360 -12
1361 -6.4
1362 -4.8
1363 -4.8
1364 -8
1365 -8.8
1366 -7.2
1367 -6.4
1368 -11.2
1369 -10.4
1370 -10.4
1371 -6.4
1372 -6.4
1373 -8.8
1374 -4
1375 -3.2
1376 -1.6
1377 -7.2
1378 -2.4
1379 -4.8
1380 -5.6
1381 -4
1382 -4
1383 -4
1384 -5.6
1385 -8.8
1386 -8
1387 -4.8
1388 -5.6
1389 -4.8
1390 -3.2
1391 -7.2
1392 -5.6
1393 -4.8
1394 -4.8
1395 -2.4
1396 -4
1397 -3.2
1398 -7.2
1399 -4
1400 -7.2
1401 -3.2
1402 -8.8
1403 -6.4
1404 -8
1405 -4
1406 -5.6
1407 -1.6
1408 -5.6
1409 -6.4
1410 -5.6
1411 -4.8
1412 -1.6
1413 -3.2
1414 -4
1415 -4.8
1416 -5.6
1417 -2.4
1418 -3.2
1419 -5.6
1420 -4.8
1421 -3.2
1422 -2.4
1423 -3.2
1424 -3.2
1425 -4.8
1426 -7.2
1427 -7.2
1428 -4
1429 -8.8
1430 -8
1431 -6.4
1432 -4.8
1433 -2.4
1434 -8
1435 -4.8
1436 -3.2
1437 -4
1438 -8
1439 -3.2
1440 -8
1441 -8
1442 -5.6
1443 -3.2
1444 -5.6
1445 -8
1446 -2.4
1447 -5.6
1448 -6.4
1449 -10.4
1450 -5.6
1451 -6.4
1452 -3.2
1453 -4
1454 -7.2
1455 -5.6
1456 -1.6
1457 -2.4
1458 -5.6
1459 -6.4
1460 -5.6
1461 -3.2
1462 -4.8
1463 -4.8
1464 -6.4
1465 -7.2
1466 -8.8
1467 -12
1468 -8
1469 -5.6
1470 -13.6
1471 -5.6
1472 -8.8
1473 -11.2
1474 -12
1475 -12.8
1476 -10.4
1477 -6.4
1478 -8
1479 -6.4
1480 -6.4
1481 -7.2
1482 -11.2
1483 -7.2
1484 -8.8
1485 -7.2
1486 -8
1487 -6.4
1488 -8.8
1489 -10.4
1490 -10.4
1491 -12.8
1492 -13.6
1493 -10.4
1494 -8
1495 -4.8
1496 -4.8
1497 -4.8
1498 -8.8
1499 -6.4
1500 -4.8
1501 -5.6
1502 -6.4
1503 -8.8
1504 -8.8
1505 -8
1506 -8.8
1507 -5.6
1508 -7.2
1509 -7.2
1510 -5.6
1511 -6.4
1512 -4.8
1513 -6.4
1514 -5.6
1515 -6.4
1516 -6.4
1517 -10.4
1518 -12
1519 -11.2
1520 -15.2
1521 -6.4
1522 -16
1523 -8
1524 -12
1525 -13.6
1526 -8.8
1527 -8.8
1528 -13.6
1529 -8.8
1530 -11.2
1531 -7.2
1532 -8
1533 -6.4
1534 -9.6
1535 -5.6
1536 -11.2
1537 -8.8
1538 -8.8
1539 -9.6
1540 -10.4
1541 -8.8
1542 -10.4
1543 -12.8
1544 -8.8
1545 -8
1546 -7.2
1547 -4.8
1548 -7.2
1549 -6.4
1550 -3.2
1551 -4.8
1552 -2.4
1553 -5.6
1554 -3.2
1555 -7.2
1556 -6.4
1557 -5.6
1558 -6.4
1559 -4.8
1560 -5.6
1561 -3.2
1562 -3.2
1563 -9.6
1564 -9.6
1565 -6.4
1566 -3.2
1567 -7.2
1568 -5.6
1569 -4.8
1570 -9.6
1571 -7.2
1572 -8.8
1573 -8
1574 -7.2
1575 -7.2
1576 -6.4
1577 -7.2
1578 -8
1579 -5.6
1580 -5.6
1581 -5.6
1582 -5.6
1583 -10.4
1584 -5.6
1585 -4.8
1586 -4.8
1587 -11.2
1588 -5.6
1589 -8
1590 -6.4
1591 -9.6
1592 -8
1593 -6.4
1594 -4.8
1595 -5.6
1596 -6.4
1597 -6.4
1598 -8
1599 -12.8
1600 -8.8
1601 -8.8
1602 -9.6
1603 -8.8
1604 -5.6
1605 -12
1606 -5.6
1607 -6.4
1608 -6.4
1609 -12.8
1610 -11.2
1611 -8.8
1612 -8
1613 -6.4
1614 -12
1615 -5.6
1616 -11.2
1617 -12
1618 -9.6
1619 -8.8
1620 -11.2
1621 -8.8
1622 -8.8
1623 -11.2
1624 -8.8
1625 -12
1626 -7.2
1627 -9.6
1628 -13.6
1629 -8
1630 -8
1631 -9.6
1632 -5.6
1633 -9.6
1634 -6.4
1635 -8.8
1636 -10.4
1637 -7.2
1638 -9.6
1639 -6.4
1640 -5.6
1641 -9.6
1642 -13.6
1643 -7.2
1644 -10.4
1645 -8
1646 -8
1647 -11.2
1648 -10.4
1649 -8.8
1650 -5.6
1651 -5.6
1652 -8
1653 -8.8
1654 -10.4
1655 -7.2
1656 -8
1657 -7.2
1658 -7.2
1659 -10.4
1660 -12
1661 -12.8
1662 -9.6
1663 -9.6
1664 -8
1665 -11.2
1666 -8.8
1667 -8.8
1668 -10.4
1669 -5.6
1670 -3.2
1671 -7.2
1672 -9.6
1673 -8.8
1674 -4
1675 -5.6
1676 -4.8
1677 -5.6
1678 -8
1679 -6.4
1680 -5.6
1681 -6.4
1682 -5.6
1683 -6.4
1684 -7.2
1685 -11.2
1686 -12
1687 -5.6
1688 -6.4
1689 -8
1690 -7.2
1691 -6.4
1692 -5.6
1693 -5.6
1694 -4.8
1695 -3.2
1696 -7.2
1697 -9.6
1698 -4
1699 -5.6
1700 -4.8
1701 -5.6
1702 -4.8
1703 -4
1704 -6.4
1705 -10.4
1706 -11.2
1707 -12.8
1708 -10.4
1709 -6.4
1710 -8
1711 -7.2
1712 -4.8
1713 -5.6
1714 -6.4
1715 -4.8
1716 -4.8
1717 -4.8
1718 -7.2
1719 -7.2
1720 -15.2
1721 -14.4
1722 -13.6
1723 -14.4
1724 -12
1725 -10.4
1726 -14.4
1727 -12.8
1728 -9.6
1729 -10.4
1730 -10.4
1731 -8.8
1732 -11.2
1733 -8.8
1734 -8
1735 -7.2
1736 -7.2
1737 -8.8
1738 -10.4
1739 -13.6
1740 -13.6
1741 -14.4
1742 -10.4
1743 -8.8
1744 -6.4
1745 -7.2
1746 -8
1747 -14.4
1748 -11.2
1749 -8.8
1750 -6.4
1751 -8
1752 -7.2
1753 -12
1754 -10.4
1755 -7.2
1756 -10.4
1757 -8.8
1758 -13.6
1759 -10.4
1760 -7.2
1761 -8
1762 -9.6
1763 -8.8
1764 -8.8
1765 -10.4
1766 -8
1767 -6.4
1768 -11.2
1769 -7.2
1770 -5.6
1771 -5.6
1772 -10.4
1773 -8.8
1774 -8.8
1775 -8.8
1776 -6.4
1777 -8
1778 -7.2
1779 -8.8
1780 -11.2
1781 -11.2
1782 -12.8
1783 -10.4
1784 -12.8
1785 -12
1786 -7.2
1787 -4.8
1788 -6.4
1789 -11.2
1790 -4
1791 -6.4
1792 -9.6
1793 -4.8
1794 -3.2
1795 -6.4
1796 -4
1797 -7.2
1798 -3.2
1799 -2.4
1800 -2.4
1801 -2.4
1802 -4
1803 -4
1804 -4.8
1805 -3.2
1806 -5.6
1807 -10.4
1808 -7.2
1809 -2.4
1810 -5.6
1811 -1.6
1812 0
1813 -3.2
1814 -2.4
1815 0
1816 -6.4
1817 -2.4
1818 -5.6
1819 -4
1820 -2.4
1821 -7.2
1822 -0.8
1823 -1.6
1824 -2.4
1825 -4
1826 -3.2
1827 -1.6
1828 -4
1829 -8.8
1830 -4.8
1831 -8.8
1832 -6.4
1833 -6.4
1834 -4.8
1835 -4
1836 -5.6
1837 -4
1838 -12
1839 -8.8
1840 -12
1841 -10.4
1842 -8.8
1843 -11.2
1844 -5.6
1845 -4.8
1846 -6.4
1847 -12
1848 -4.8
1849 -5.6
1850 -8.8
1851 -4
1852 -8
1853 -5.6
1854 -5.6
1855 -4
1856 -6.4
1857 -6.4
1858 -5.6
1859 -5.6
1860 -3.2
1861 -6.4
1862 -8.8
1863 -6.4
1864 -5.6
1865 -3.2
1866 -1.6
1867 -0.8
1868 -2.4
1869 -4
1870 -4
1871 -2.4
1872 -0.8
1873 -0.8
1874 -0.8
1875 -4.8
1876 -6.4
1877 -8.8
1878 -12.8
1879 -13.6
1880 -16.8
1881 -12.8
1882 -9.6
1883 -11.2
1884 -9.6
1885 -14.4
1886 -11.2
1887 -12
1888 -8.8
1889 -5.6
1890 -6.4
1891 -7.2
1892 -10.4
1893 -10.4
1894 -8.8
1895 -7.2
1896 -10.4
1897 -13.6
1898 -4.8
1899 -6.4
1900 -6.4
1901 -7.2
1902 -14.4
1903 -13.6
1904 -13.6
1905 -12
1906 -16
1907 -12
1908 -10.4
1909 -7.2
1910 -7.2
1911 -11.2
1912 -8
1913 -12
1914 -16
1915 -13.6
1916 -12
1917 -9.6
1918 -7.2
1919 -10.4
1920 -6.4
1921 -4.8
1922 -5.6
1923 -8
1924 -6.4
1925 -5.6
1926 -4.8
1927 -7.2
1928 -5.6
1929 -6.4
1930 -6.4
1931 -6.4
1932 -6.4
1933 -5.6
1934 -8
1935 -5.6
1936 -3.2
1937 -10.4
1938 -8
1939 -5.6
1940 -3.2
1941 -3.2
1942 -4.8
1943 -3.2
1944 -3.2
1945 -4
1946 -6.4
1947 -7.2
1948 -4.8
1949 -7.2
1950 -6.4
1951 -8.8
1952 -4.8
1953 -4
1954 -4.8
1955 -4.8
1956 -4.8
1957 -1.6
1958 -5.6
1959 -1.6
1960 -1.6
1961 -2.4
1962 -5.6
1963 -3.2
1964 -4
1965 -7.2
1966 -10.4
1967 -4
1968 -4
1969 -9.6
1970 -8.8
1971 -7.2
1972 -5.6
1973 -7.2
1974 -10.4
1975 -5.6
1976 -6.4
1977 -4.8
1978 -4.8
1979 -5.6
1980 -4.8
1981 -6.4
1982 -8.8
1983 -7.2
1984 -9.6
1985 -4.8
1986 -5.6
1987 -8
1988 -9.6
1989 -6.4
1990 -8.8
1991 -12
1992 -6.4
1993 -7.2
1994 -4.8
1995 -3.2
1996 -4.8
1997 -8.8
1998 -4.8
1999 -4.8
2000 -5.6
2001 -8.8
2002 -7.2
2003 -4
2004 -6.4
2005 -6.4
2006 -8.8
2007 -4.8
2008 -6.4
2009 -1.6
2010 -4.8
2011 -3.2
2012 -4
2013 -1.6
2014 -5.6
2015 -1.6
2016 -2.4
2017 -5.6
2018 -8.8
2019 -7.2
2020 -4
2021 -4
2022 -3.2
2023 -6.4
2024 -8
2025 -5.6
2026 -11.2
2027 -5.6
2028 -6.4
2029 -4
2030 -9.6
2031 -5.6
2032 -3.2
2033 -2.4
2034 -2.4
2035 -5.6
2036 -2.4
2037 -3.2
2038 -8.8
2039 -3.2
2040 -5.6
2041 -9.6
2042 -3.2
2043 -9.6
2044 -6.4
2045 -7.2
2046 -7.2
2047 -5.6
2048 -4
2049 -9.6
2050 -4.8
2051 -10.4
2052 -8
2053 -7.2
2054 -8
2055 -8
2056 -7.2
2057 -4.8
2058 -3.2
2059 -3.2
2060 -4
2061 -4.8
2062 -2.4
2063 -4.8
2064 -12.8
2065 -4.8
2066 -4.8
2067 -5.6
2068 -7.2
2069 -6.4
2070 -8.8
2071 -7.2
2072 -8
2073 -5.6
2074 -10.4
2075 -6.4
2076 -11.2
2077 -5.6
2078 -5.6
2079 -4
2080 -7.2
2081 -4
2082 -8
2083 -7.2
2084 -7.2
2085 -7.2
2086 -9.6
2087 -9.6
2088 -7.2
2089 -7.2
2090 -11.2
2091 -8
2092 -6.4
2093 -7.2
2094 -8.8
2095 -4.8
2096 -4.8
2097 -8.8
2098 -4.8
2099 -8
2100 -4.8
2101 -8
2102 -5.6
2103 -10.4
2104 -5.6
2105 -7.2
2106 -8.8
2107 -8.8
2108 -5.6
2109 -7.2
2110 -9.6
2111 -9.6
2112 -8.8
2113 -9.6
2114 -13.6
2115 -5.6
2116 -7.2
2117 -11.2
2118 -8
2119 -11.2
2120 -13.6
2121 -17.6
2122 -10.4
2123 -12
2124 -8
2125 -11.2
2126 -11.2
2127 -12
2128 -7.2
2129 -7.2
2130 -5.6
2131 -7.2
2132 -6.4
2133 -8
2134 -9.6
2135 -12.8
2136 -9.6
2137 -10.4
2138 -8.8
2139 -7.2
2140 -7.2
2141 -9.6
2142 -4.8
2143 -11.2
2144 -19.2
2145 -16
2146 -14.4
2147 -16.8
2148 -14.4
2149 -10.4
2150 -7.2
2151 -4
2152 -12
2153 -14.4
2154 -12.8
2155 -8.8
2156 -8.8
2157 -7.2
2158 -12.8
2159 -8.8
2160 -9.6
2161 -8.8
2162 -9.6
2163 -8
2164 -4.8
2165 -3.2
2166 -12.8
2167 -5.6
2168 -8.8
2169 -9.6
2170 -9.6
2171 -4.8
2172 -12
2173 -11.2
2174 -11.2
2175 -5.6
2176 -12.8
2177 -8.8
2178 -4
2179 -8
2180 -6.4
2181 -5.6
2182 -8
2183 -4
2184 -4.8
2185 -6.4
2186 -5.6
2187 -7.2
2188 -8
2189 -11.2
2190 -6.4
2191 -3.2
2192 -3.2
2193 -4
2194 -4
2195 -8
2196 -7.2
2197 -5.6
2198 -7.2
2199 -5.6
2200 -4.8
2201 -4.8
2202 -6.4
2203 -5.6
2204 -11.2
2205 -8.8
2206 -4.8
2207 -8
2208 -11.2
2209 -4
2210 -1.6
2211 -1.6
2212 -4
2213 -12
2214 -5.6
2215 -6.4
2216 -9.6
2217 -6.4
2218 -2.4
2219 -5.6
2220 -4.8
2221 -4
2222 -6.4
2223 -8.8
2224 -6.4
2225 -4
2226 -8
2227 -8
2228 -4.8
2229 -5.6
2230 -4
2231 -4
2232 -1.6
2233 -4.8
2234 -7.2
2235 -4.8
2236 -2.4
2237 -3.2
2238 -8.8
2239 -4
2240 -4.8
2241 -5.6
2242 -6.4
2243 -8
2244 -7.2
2245 -5.6
2246 -11.2
2247 -8.8
2248 -7.2
2249 -8.8
2250 -12
2251 -11.2
2252 -5.6
2253 -7.2
2254 -7.2
2255 -4.8
2256 -8
2257 -4.8
2258 -6.4
2259 -12
2260 -8
2261 -5.6
2262 -5.6
2263 -6.4
2264 -3.2
2265 -5.6
2266 -8
2267 -7.2
2268 -6.4
2269 -6.4
2270 -4.8
2271 -8
2272 -4.8
2273 -3.2
2274 -5.6
2275 -8.8
2276 -4.8
2277 -8.8
2278 -8
2279 -4
2280 -8
2281 -2.4
2282 -8
2283 -4.8
2284 -2.4
2285 -4
2286 -7.2
2287 -3.2
2288 -5.6
2289 -3.2
2290 -4
2291 -4
2292 -7.2
2293 -8.8
2294 -12.8
2295 -9.6
2296 -8
2297 -6.4
2298 -4
2299 -2.4
2300 -1.6
2301 -10.4
2302 -8
2303 -4.8
2304 -5.6
2305 -8
2306 -3.2
2307 -5.6
2308 -3.2
2309 -4
2310 -4.8
2311 -4.8
2312 -6.4
2313 -8.8
2314 -8.8
2315 -11.2
2316 -11.2
2317 -6.4
2318 -8
2319 -6.4
2320 -5.6
2321 -4
2322 -4.8
2323 -7.2
2324 -4.8
2325 -8.8
2326 -9.6
2327 -3.2
2328 -3.2
2329 -3.2
2330 -7.2
2331 -4.8
2332 -3.2
2333 -8.8
2334 -12
2335 -8.8
2336 -3.2
2337 -7.2
2338 -11.2
2339 -4.8
2340 -8.8
2341 -10.4
2342 -10.4
2343 -6.4
2344 -4
2345 -6.4
2346 -4.8
2347 -10.4
2348 -11.2
2349 -6.4
2350 -8
2351 -5.6
2352 -4
2353 -4.8
2354 -4
2355 -4.8
2356 -5.6
2357 -7.2
2358 -7.2
2359 -5.6
2360 -5.6
2361 -7.2
2362 -6.4
2363 -4.8
2364 -9.6
2365 -7.2
2366 -9.6
2367 -4
2368 -8.8
2369 -5.6
2370 -12
2371 -6.4
2372 -7.2
2373 -4
2374 -6.4
2375 -4.8
2376 -8.8
2377 -8.8
2378 -6.4
2379 -7.2
2380 -6.4
2381 -5.6
2382 -11.2
2383 -7.2
2384 -4.8
2385 -5.6
2386 -8
2387 -6.4
2388 -4.8
2389 -6.4
2390 -7.2
2391 -8.8
2392 -5.6
2393 -7.2
2394 -5.6
2395 -10.4
2396 -10.4
2397 -7.2
2398 -5.6
2399 -6.4
2400 -8
2401 -8
2402 -7.2
2403 -6.4
2404 -8.8
2405 -7.2
2406 -6.4
2407 -5.6
2408 -8.8
2409 -9.6
2410 -7.2
2411 -7.2
2412 -7.2
2413 -3.2
2414 -12
2415 -6.4
2416 -7.2
2417 -8
2418 -11.2
2419 -7.2
2420 -4.8
2421 -5.6
2422 -8
2423 -7.2
2424 -6.4
2425 -8.8
2426 -6.4
2427 -8
2428 -6.4
2429 -3.2
2430 -4.8
2431 -3.2
2432 -3.2
2433 -9.6
2434 -5.6
2435 -5.6
2436 -2.4
2437 -2.4
2438 -8.8
2439 -2.4
2440 -4
2441 -7.2
2442 -9.6
2443 -8
2444 -7.2
2445 -6.4
2446 -6.4
2447 -5.6
2448 -2.4
2449 -0.8
2450 -4.8
2451 -8
2452 -5.6
2453 -4.8
2454 -1.6
2455 -3.2
2456 -2.4
2457 -8.8
2458 -4
2459 -6.4
2460 -1.6
2461 -4.8
2462 -3.2
2463 -3.2
2464 -1.6
2465 -3.2
2466 -5.6
2467 -3.2
2468 -3.2
2469 -3.2
2470 -5.6
2471 -4
2472 -3.2
2473 -1.6
2474 -2.4
2475 -1.6
2476 -1.6
2477 -3.2
2478 -5.6
2479 -6.4
2480 -1.6
2481 -3.2
2482 -3.2
2483 -4.8
2484 -6.4
2485 -4.8
2486 -5.6
2487 -3.2
2488 -8
2489 -4.8
2490 -4.8
2491 -9.6
2492 -11.2
2493 -1.6
2494 -2.4
2495 -1.6
2496 -4.8
2497 -4.8
2498 -4
2499 -9.6
2500 -4.8
2501 -4
2502 -7.2
2503 -8
2504 -4
2505 -9.6
2506 -8
2507 -6.4
2508 -8
2509 -8
2510 -8.8
2511 -4.8
2512 -8.8
2513 -4
2514 -7.2
2515 -7.2
2516 -2.4
2517 -3.2
2518 -5.6
2519 -4.8
2520 -6.4
2521 -6.4
2522 -6.4
2523 -4
2524 -2.4
2525 -8
2526 -8
2527 -4
2528 -5.6
2529 -15.2
2530 -3.2
2531 -7.2
2532 -6.4
2533 -4.8
2534 -3.2
2535 -4
2536 -2.4
2537 -6.4
2538 -2.4
2539 -5.6
2540 -10.4
2541 -7.2
2542 -4
2543 -4
2544 -4
2545 -5.6
2546 -6.4
2547 -5.6
2548 -2.4
2549 -8
2550 -4.8
2551 -3.2
2552 -4.8
2553 -4.8
2554 -5.6
2555 -3.2
2556 -9.6
2557 -1.6
2558 -1.6
2559 -4.8
2560 -8
2561 -8
2562 -1.6
2563 -3.2
2564 -2.4
2565 -5.6
2566 -4
2567 -5.6
2568 -4
2569 -2.4
2570 -4.8
2571 -2.4
2572 -2.4
2573 -3.2
2574 -2.4
2575 -6.4
2576 -8
2577 -5.6
2578 -3.2
2579 -5.6
2580 -1.6
2581 -4.8
2582 -6.4
2583 -4
2584 -3.2
2585 -1.6
2586 -3.2
2587 -5.6
2588 -1.6
2589 -6.4
2590 -4.8
2591 -3.2
2592 -8.8
2593 -2.4
2594 -2.4
2595 -2.4
2596 -1.6
2597 -4
2598 -7.2
2599 -9.6
2600 -7.2
2601 -4
2602 -6.4
2603 -9.6
2604 -4
2605 -4.8
2606 -11.2
2607 -4.8
2608 -5.6
2609 -4
2610 -2.4
2611 -6.4
2612 -2.4
2613 -4
2614 -4
2615 -2.4
2616 -4
2617 -2.4
2618 -5.6
2619 -2.4
2620 -4
2621 -4.8
2622 -8
2623 -4
2624 -4
2625 -7.2
2626 -2.4
2627 -4
2628 -2.4
2629 -12
2630 -3.2
2631 -4.8
2632 -3.2
2633 -4
2634 -7.2
2635 -10.4
2636 -4.8
2637 -5.6
2638 -7.2
2639 -5.6
2640 -4
2641 -4.8
2642 -4
2643 -9.6
2644 -4
2645 -6.4
2646 -7.2
2647 -5.6
2648 -5.6
2649 -3.2
2650 -6.4
2651 -4
2652 -4
2653 -6.4
2654 -9.6
2655 -9.6
2656 -7.2
2657 -9.6
2658 -3.2
2659 -5.6
2660 -9.6
2661 -7.2
2662 -4.8
2663 -4.8
2664 -6.4
2665 -8
2666 -4.8
2667 -3.2
2668 -6.4
2669 -12
2670 -5.6
2671 -4
2672 -3.2
2673 -4.8
2674 -3.2
2675 -3.2
2676 -5.6
2677 -6.4
2678 -10.4
2679 -12
2680 -7.2
2681 -4
2682 -8
2683 -8.8
2684 -4
2685 -4
2686 -6.4
2687 -11.2
2688 -8.8
2689 -11.2
2690 -8.8
2691 -8
2692 -5.6
2693 -6.4
2694 -4
2695 -5.6
2696 -4
2697 -4
2698 -4
2699 -8.8
2700 -5.6
2701 -5.6
2702 -5.6
2703 -4
2704 -8
2705 -4.8
2706 -4.8
2707 -4
2708 -7.2
2709 -8
2710 -6.4
2711 -8
2712 -12.8
2713 -12
2714 -7.2
2715 -7.2
2716 -8
2717 -5.6
2718 -10.4
2719 -7.2
2720 -9.6
2721 -6.4
2722 -5.6
2723 -8.8
2724 -9.6
2725 -8.8
2726 -12
2727 -7.2
2728 -12
2729 -6.4
2730 -6.4
2731 -8.8
2732 -9.6
2733 -8
2734 -5.6
2735 -8.8
2736 -7.2
2737 -10.4
2738 -9.6
2739 -9.6
2740 -9.6
2741 -11.2
2742 -8
2743 -4.8
2744 -4.8
2745 -6.4
2746 -12
2747 -8
2748 -8.8
2749 -4.8
2750 -8.8
2751 -4.8
2752 -12.8
2753 -12.8
2754 -8
2755 -5.6
2756 -8.8
2757 -5.6
2758 -8.8
2759 -5.6
2760 -7.2
2761 -11.2
2762 -12.8
2763 -8.8
2764 -8.8
2765 -7.2
2766 -7.2
2767 -7.2
2768 -8.8
2769 -8
2770 -10.4
2771 -12.8
2772 -8
2773 -9.6
2774 -12
2775 -12
2776 -16
2777 -13.6
2778 -17.6
2779 -7.2
2780 -5.6
2781 -7.2
2782 -12.8
2783 -12
2784 -8.8
2785 -4.8
2786 -7.2
2787 -8.8
2788 -6.4
2789 -8
2790 -8
2791 -7.2
2792 -10.4
2793 -6.4
2794 -4.8
2795 -10.4
2796 -10.4
2797 -4.8
2798 -4.8
2799 -10.4
2800 -8
2801 -11.2
2802 -8
2803 -8
2804 -5.6
2805 -8
2806 -11.2
2807 -7.2
2808 -2.4
2809 -2.4
2810 -9.6
2811 -12
2812 -9.6
2813 -6.4
2814 -5.6
2815 -8
2816 -4
2817 -5.6
2818 -5.6
2819 -7.2
2820 -7.2
2821 -6.4
2822 -8.8
2823 -4.8
2824 -5.6
2825 -4
2826 -4
2827 -4
2828 -4.8
2829 -4
2830 -4.8
2831 -8
2832 -8
2833 -6.4
2834 -4
2835 -5.6
2836 -7.2
2837 -10.4
2838 -5.6
2839 -6.4
2840 -4
2841 -5.6
2842 -1.6
2843 -2.4
2844 -8
2845 -4.8
2846 -3.2
2847 -2.4
2848 -2.4
2849 -4.8
2850 -2.4
2851 -5.6
2852 -4.8
2853 -4
2854 -8.8
2855 -6.4
2856 -4.8
2857 -4.8
2858 -7.2
2859 -11.2
2860 -8.8
2861 -9.6
2862 -5.6
2863 -6.4
2864 -7.2
2865 -8
2866 -8
2867 -4
2868 -4
2869 -4.8
2870 -4
2871 -7.2
2872 -3.2
2873 -6.4
2874 -5.6
2875 -4.8
2876 -4.8
2877 -5.6
2878 -6.4
2879 -6.4
2880 -8.8
2881 -5.6
2882 -4.8
2883 -4.8
2884 -5.6
2885 -4
2886 -5.6
2887 -7.2
2888 -7.2
2889 -4
2890 -9.6
2891 -9.6
2892 -4.8
2893 -7.2
2894 -8.8
2895 -8
2896 -5.6
2897 -5.6
2898 -2.4
2899 -4.8
2900 -4
2901 -2.4
2902 -1.6
2903 -4
2904 -4
2905 -3.2
2906 -5.6
2907 -4.8
2908 -9.6
2909 -4
2910 -3.2
2911 -2.4
2912 -4
2913 -4
2914 -1.6
2915 -1.6
2916 -4.8
2917 -4
2918 -4.8
2919 -4.8
2920 -2.4
2921 -4
2922 -5.6
2923 -0.8
2924 -0.8
2925 -1.6
2926 -2.4
2927 -0.8
2928 -8
2929 -4.8
2930 -6.4
2931 -2.4
2932 -2.4
2933 -3.2
2934 -1.6
2935 -0.8
2936 -4
2937 -2.4
2938 -4
2939 -0.8
2940 -3.2
2941 -2.4
2942 -6.4
2943 -3.2
2944 -4
2945 -7.2
2946 -8
2947 -12
2948 -10.4
2949 -9.6
2950 -7.2
2951 -5.6
2952 -8.8
2953 -4
2954 -3.2
2955 -2.4
2956 -6.4
2957 -4
2958 -2.4
2959 -2.4
2960 -5.6
2961 -3.2
2962 -4
2963 -8.8
2964 -1.6
2965 -1.6
2966 -4
2967 -1.6
2968 -6.4
2969 -3.2
2970 -8.8
2971 -9.6
2972 -4.8
2973 -5.6
2974 -2.4
2975 -3.2
2976 -1.6
2977 -4
2978 -3.2
2979 -4.8
2980 -1.6
2981 -4.8
2982 -9.6
2983 -4
2984 -4
2985 -8
2986 -4.8
2987 -7.2
2988 -1.6
2989 -4
2990 -4.8
2991 -6.4
2992 -2.4
2993 -8
2994 -4
2995 -6.4
2996 -4.8
2997 -4.8
2998 -13.6
2999 -3.2
3000 -6.4
3001 -10.4
3002 -4
3003 -10.4
3004 -8
3005 -7.2
3006 -11.2
3007 -8
3008 -4.8
3009 -8.8
3010 -8
3011 -4
3012 -5.6
3013 -5.6
3014 -8.8
3015 -7.2
3016 -10.4
3017 -9.6
3018 -9.6
3019 -8.8
3020 -5.6
3021 -9.6
3022 -14.4
3023 -11.2
3024 -9.6
3025 -8.8
3026 -7.2
3027 -11.2
3028 -12.8
3029 -11.2
3030 -6.4
3031 -7.2
3032 -7.2
3033 -12.8
3034 -8
3035 -6.4
3036 -4.8
3037 -4.8
3038 -8.8
3039 -8
3040 -8.8
3041 -4.8
3042 -6.4
3043 -9.6
3044 -8.8
3045 -8
3046 -9.6
3047 -7.2
3048 -5.6
3049 -12
3050 -8
3051 -7.2
3052 -11.2
3053 -9.6
3054 -8
3055 -6.4
3056 -8.8
3057 -8.8
3058 -5.6
3059 -4
3060 -9.6
3061 -7.2
3062 -11.2
3063 -8
3064 -6.4
3065 -9.6
3066 -8.8
3067 -6.4
3068 -8
3069 -13.6
3070 -10.4
3071 -6.4
3072 -8.8
3073 -10.4
3074 -11.2
3075 -11.2
3076 -8
3077 -10.4
3078 -15.2
3079 -8
3080 -8
3081 -10.4
3082 -9.6
3083 -12.8
3084 -8.8
3085 -7.2
3086 -12
3087 -12
3088 -6.4
3089 -5.6
3090 -5.6
3091 -5.6
3092 -7.2
3093 -7.2
3094 -6.4
3095 -5.6
3096 -6.4
3097 -8.8
3098 -8.8
3099 -9.6
3100 -7.2
3101 -8
3102 -9.6
3103 -8.8
3104 -4
3105 -4
3106 -6.4
3107 -4
3108 -7.2
3109 -8
3110 -7.2
3111 -7.2
3112 -4.8
3113 -5.6
3114 -6.4
3115 -8
3116 -6.4
3117 -4.8
3118 -3.2
3119 -7.2
3120 -6.4
3121 -5.6
3122 -5.6
3123 -4
3124 -8.8
3125 -4
3126 -4.8
3127 -6.4
3128 -6.4
3129 -3.2
3130 -4.8
3131 -2.4
3132 -3.2
3133 -3.2
3134 -2.4
3135 -5.6
3136 -5.6
3137 -6.4
3138 -6.4
3139 -6.4
3140 -6.4
3141 -4.8
3142 -4.8
3143 -8
3144 -6.4
3145 -5.6
3146 -3.2
3147 -1.6
3148 -2.4
3149 -4
3150 -4
3151 -4
3152 -4
3153 -1.6
3154 -10.4
3155 -6.4
3156 -2.4
3157 -5.6
3158 -5.6
3159 -8
3160 -4.8
3161 -5.6
3162 -7.2
3163 -1.6
3164 -4.8
3165 -5.6
3166 -4
3167 -3.2
3168 -1.6
3169 -5.6
3170 -2.4
3171 -1.6
3172 -2.4
3173 -3.2
3174 -1.6
3175 -5.6
3176 -6.4
3177 -4
3178 -5.6
3179 -4.8
3180 -10.4
3181 -5.6
3182 -3.2
3183 -4
3184 -3.2
3185 -4.8
3186 -11.2
3187 -6.4
3188 -3.2
3189 -7.2
3190 -4
3191 -1.6
3192 -9.6
3193 -2.4
3194 -9.6
3195 -8
3196 -5.6
3197 -4
3198 -5.6
3199 -6.4
3200 -4
3201 -5.6
3202 -8
3203 -2.4
3204 -3.2
3205 -2.4
3206 -10.4
3207 -5.6
3208 -7.2
3209 -4
3210 -4.8
3211 -4.8
3212 -8.8
3213 -5.6
3214 -5.6
3215 -6.4
3216 -8
3217 -7.2
3218 -9.6
3219 -2.4
3220 -3.2
3221 -5.6
3222 -2.4
3223 -2.4
3224 -4
3225 -4
3226 -5.6
3227 -5.6
3228 -2.4
3229 -2.4
3230 -2.4
3231 -4.8
3232 -4.8
3233 -9.6
3234 -7.2
3235 -5.6
3236 -8
3237 -3.2
3238 -2.4
3239 -1.6
3240 -2.4
3241 -11.2
3242 -4
3243 -8
3244 -5.6
3245 -5.6
3246 -7.2
3247 -6.4
3248 -3.2
3249 -6.4
3250 -5.6
3251 -4.8
3252 -7.2
3253 -4
3254 -1.6
3255 -3.2
3256 -3.2
3257 -5.6
3258 -7.2
3259 -7.2
3260 -6.4
3261 -6.4
3262 -8
3263 -8.8
3264 -4.8
3265 -4
3266 -4
3267 -3.2
3268 -3.2
3269 -3.2
3270 -3.2
3271 -7.2
3272 -5.6
3273 -9.6
3274 -6.4
3275 -8
3276 -5.6
3277 -11.2
3278 -8.8
3279 -9.6
3280 -10.4
3281 -10.4
3282 -10.4
3283 -5.6
3284 -4.8
3285 -7.2
3286 -7.2
3287 -6.4
3288 -10.4
3289 -9.6
3290 -5.6
3291 -3.2
3292 -8
3293 -9.6
3294 -4
3295 -7.2
3296 -8.8
3297 -7.2
3298 -4.8
3299 -5.6
3300 -12
3301 -8.8
3302 -15.2
3303 -8.8
3304 -8.8
3305 -6.4
3306 -11.2
3307 -14.4
3308 -8
3309 -6.4
3310 -10.4
3311 -4.8
3312 -5.6
3313 -9.6
3314 -5.6
3315 -4.8
3316 -8
3317 -7.2
3318 -11.2
3319 -12
3320 -8
3321 -10.4
3322 -9.6
3323 -16.8
3324 -13.6
3325 -8.8
3326 -12
3327 -10.4
3328 -8.8
3329 -5.6
3330 -6.4
3331 -6.4
3332 -8
3333 -8
3334 -12.8
3335 -8
3336 -7.2
3337 -4.8
3338 -6.4
3339 -4.8
3340 -4.8
3341 -4
3342 -4
3343 -4
3344 -4
3345 -5.6
3346 -4
3347 -6.4
3348 -3.2
3349 -6.4
3350 -5.6
3351 -6.4
3352 -10.4
3353 -12.8
3354 -4
3355 -8
3356 -4.8
3357 -8
3358 -6.4
3359 -8
3360 -5.6
3361 -7.2
3362 -3.2
3363 -4.8
3364 -6.4
3365 -6.4
3366 -5.6
3367 -9.6
3368 -10.4
3369 -7.2
3370 -7.2
3371 -6.4
3372 -5.6
3373 -9.6
3374 -8
3375 -4
3376 -6.4
3377 -7.2
3378 -5.6
3379 -3.2
3380 -4
3381 -4.8
3382 -5.6
3383 -5.6
3384 -2.4
3385 -3.2
3386 -5.6
3387 -6.4
3388 -6.4
3389 -4
3390 -4.8
3391 -6.4
3392 -6.4
3393 -6.4
3394 -5.6
3395 -7.2
3396 -3.2
3397 -4
3398 -4
3399 -3.2
3400 -9.6
3401 -4.8
3402 -4
3403 -1.6
3404 -4
3405 -9.6
3406 -1.6
3407 -3.2
3408 -4.8
3409 -2.4
3410 -3.2
3411 -3.2
3412 -6.4
3413 -5.6
3414 -3.2
3415 -4
3416 -4
3417 -4
3418 -7.2
3419 -5.6
3420 -10.4
3421 -6.4
3422 -5.6
3423 -8
3424 -7.2
3425 -6.4
3426 -6.4
3427 -9.6
3428 -4.8
3429 -4
3430 -5.6
3431 -6.4
3432 -8
3433 -5.6
3434 -4.8
3435 -4.8
3436 -6.4
3437 -8
3438 -8.8
3439 -4.8
3440 -8.8
3441 -4
3442 -4
3443 -5.6
3444 -5.6
3445 -4
3446 -4.8
3447 -3.2
3448 -3.2
3449 -7.2
3450 -4.8
3451 -5.6
3452 -8
3453 -7.2
3454 -6.4
3455 -6.4
3456 -4
3457 -5.6
3458 -3.2
3459 -10.4
3460 -3.2
3461 -4
3462 -5.6
3463 -6.4
3464 -9.6
3465 -8.8
3466 -6.4
3467 -4.8
3468 -3.2
3469 -8
3470 -5.6
3471 -6.4
3472 -7.2
3473 -8
3474 -7.2
3475 -12.8
3476 -11.2
3477 -7.2
3478 -8
3479 -7.2
3480 -7.2
3481 -6.4
3482 -4.8
3483 -7.2
3484 -6.4
3485 -12.8
3486 -5.6
3487 -9.6
3488 -4.8
3489 -4.8
3490 -8
3491 -8
3492 -7.2
3493 -8
3494 -4
3495 -4.8
3496 -5.6
3497 -6.4
3498 -9.6
3499 -4.8
3500 -5.6
3501 -7.2
3502 -10.4
3503 -8.8
3504 -4.8
3505 -8
3506 -5.6
3507 -8
3508 -5.6
3509 -8
3510 -8.8
3511 -12
3512 -5.6
3513 -4
3514 -5.6
3515 -4
3516 -4
3517 -4
3518 -4
3519 -4
3520 -6.4
3521 -7.2
3522 -12.8
3523 -6.4
3524 -4
3525 -5.6
3526 -6.4
3527 -5.6
3528 -8.8
3529 -5.6
3530 -8
3531 -9.6
3532 -5.6
3533 -8.8
3534 -6.4
3535 -4.8
3536 -9.6
3537 -7.2
3538 -11.2
3539 -5.6
3540 -8.8
3541 -8.8
3542 -8
3543 -5.6
3544 -5.6
3545 -9.6
3546 -4
3547 -5.6
3548 -6.4
3549 -7.2
3550 -4.8
3551 -4
3552 -3.2
3553 -3.2
3554 -8.8
3555 -4.8
3556 -4
3557 -7.2
3558 -6.4
3559 -12
3560 -5.6
3561 -6.4
3562 -7.2
3563 -4
3564 -4.8
3565 -9.6
3566 -9.6
3567 -6.4
3568 -5.6
3569 -3.2
3570 -7.2
3571 -4
3572 -4
3573 -8.8
3574 -4.8
3575 -4
3576 -7.2
3577 -6.4
3578 -9.6
3579 -8.8
3580 -6.4
3581 -8.8
3582 -6.4
3583 -6.4
3584 -8
3585 -8
3586 -5.6
3587 -4
3588 -9.6
3589 -8
3590 -7.2
3591 -4.8
3592 -5.6
3593 -4.8
3594 -8
3595 -4
3596 -5.6
3597 -8
3598 -5.6
3599 -4
3600 -3.2
3601 -4.8
3602 -3.2
3603 -7.2
3604 -3.2
3605 -5.6
3606 -4.8
3607 -2.4
3608 -4.8
3609 -5.6
3610 -4
3611 -5.6
3612 -2.4
3613 -3.2
3614 -4
3615 -8.8
3616 -11.2
3617 -8.8
3618 -6.4
3619 -10.4
3620 -7.2
3621 -8.8
3622 -9.6
3623 -14.4
3624 -7.2
3625 -7.2
3626 -6.4
3627 -11.2
3628 -7.2
3629 -9.6
3630 -7.2
3631 -8.8
3632 -5.6
3633 -8
3634 -10.4
3635 -9.6
3636 -6.4
3637 -7.2
3638 -10.4
3639 -6.4
3640 -11.2
3641 -13.6
3642 -13.6
3643 -7.2
3644 -6.4
3645 -8
3646 -5.6
3647 -4
3648 -4
3649 -4.8
3650 -6.4
3651 -8.8
3652 -8
3653 -6.4
3654 -7.2
3655 -4.8
3656 -4.8
3657 -9.6
3658 -10.4
3659 -8
3660 -5.6
3661 -6.4
3662 -7.2
3663 -8.8
3664 -13.6
3665 -9.6
3666 -10.4
3667 -8.8
3668 -8.8
3669 -13.6
3670 -5.6
3671 -7.2
3672 -7.2
3673 -5.6
3674 -6.4
3675 -8
3676 -8.8
3677 -8
3678 -6.4
3679 -8.8
3680 -9.6
3681 -6.4
3682 -5.6
3683 -8.8
3684 -8.8
3685 -7.2
3686 -10.4
3687 -8.8
3688 -8.8
3689 -11.2
3690 -5.6
3691 -8.8
3692 -7.2
3693 -6.4
3694 -12.8
3695 -8.8
3696 -5.6
3697 -6.4
3698 -4.8
3699 -4
3700 -6.4
3701 -7.2
3702 -4
3703 -8
3704 -8
3705 -5.6
3706 -8
3707 -6.4
3708 -7.2
3709 -7.2
3710 -8.8
3711 -5.6
3712 -5.6
3713 -7.2
3714 -10.4
3715 -5.6
3716 -12.8
3717 -14.4
3718 -14.4
3719 -13.6
3720 -15.2
3721 -9.6
3722 -12
3723 -11.2
3724 -13.6
3725 -9.6
3726 -15.2
3727 -19.2
3728 -10.4
3729 -9.6
3730 -9.6
3731 -11.2
3732 -7.2
3733 -6.4
3734 -8
3735 -19.2
3736 -10.4
3737 -8.8
3738 -12
3739 -8
3740 -8.8
3741 -7.2
3742 -5.6
3743 -8
3744 -8.8
3745 -12.8
3746 -12.8
3747 -8
3748 -8.8
3749 -7.2
3750 -8
3751 -5.6
3752 -8
3753 -7.2
3754 -5.6
3755 -7.2
3756 -7.2
3757 -4
3758 -3.2
3759 -6.4
3760 -3.2
3761 -5.6
3762 -5.6
3763 -10.4
3764 -3.2
3765 -7.2
3766 -2.4
3767 -5.6
3768 -2.4
3769 -4.8
3770 -3.2
3771 -5.6
3772 -4.8
3773 -4.8
3774 -8
3775 -4.8
3776 -7.2
3777 -8.8
3778 -4.8
3779 -4
3780 -11.2
3781 -8.8
3782 -11.2
3783 -6.4
3784 -6.4
3785 -4.8
3786 -7.2
3787 -4.8
3788 -4
3789 -10.4
3790 -8
3791 -7.2
3792 -8
3793 -14.4
3794 -9.6
3795 -7.2
3796 -11.2
3797 -8
3798 -10.4
3799 -8.8
3800 -14.4
3801 -11.2
3802 -10.4
3803 -8.8
3804 -8.8
3805 -7.2
3806 -8.8
3807 -7.2
3808 -11.2
3809 -7.2
3810 -12.8
3811 -14.4
3812 -9.6
3813 -8.8
3814 -11.2
3815 -13.6
3816 -8
3817 -11.2
3818 -6.4
3819 -6.4
3820 -8
3821 -8
3822 -8
3823 -4
3824 -5.6
3825 -4.8
3826 -3.2
3827 -4
3828 -4.8
3829 -4
3830 -8
3831 -3.2
3832 -7.2
3833 -1.6
3834 -5.6
3835 -1.6
3836 -3.2
3837 -4.8
3838 -6.4
3839 -6.4
3840 -1.6
3841 -4
3842 -10.4
3843 -5.6
3844 -4
3845 -1.6
3846 0
3847 -8
3848 -4
3849 -4
3850 -5.6
3851 -4
3852 -1.6
3853 -6.4
3854 -11.2
3855 -8
3856 -5.6
3857 -10.4
3858 -5.6
3859 -4.8
3860 -11.2
3861 -6.4
3862 -11.2
3863 -8.8
3864 -7.2
3865 -10.4
3866 -4.8
3867 -6.4
3868 -5.6
3869 -8.8
3870 -6.4
3871 -4.8
3872 -5.6
3873 -4.8
3874 -4
3875 -5.6
3876 -8
3877 -5.6
3878 -10.4
3879 -4.8
3880 -4
3881 -4.8
3882 -4
3883 -3.2
3884 -7.2
3885 -4.8
3886 -5.6
3887 -6.4
3888 -8
3889 -8
3890 -8
3891 -11.2
3892 -4.8
3893 -12
3894 -4.8
3895 -4.8
3896 -6.4
3897 -5.6
3898 -7.2
3899 -9.6
3900 -10.4
3901 -5.6
3902 -8
3903 -8
3904 -8.8
3905 -7.2
3906 -6.4
3907 -5.6
3908 -6.4
3909 -4
3910 -8.8
3911 -3.2
3912 -5.6
3913 -7.2
3914 -10.4
3915 -6.4
3916 -6.4
3917 -9.6
3918 -4.8
3919 -9.6
3920 -7.2
3921 -4.8
3922 -7.2
3923 -6.4
3924 -3.2
3925 -6.4
3926 -4.8
3927 -5.6
3928 -8.8
3929 -4.8
3930 -10.4
3931 -4.8
3932 -4.8
3933 -5.6
3934 -6.4
3935 -9.6
3936 -6.4
3937 -5.6
3938 -6.4
3939 -8
3940 -6.4
3941 -6.4
3942 -7.2
3943 -8.8
3944 -12
3945 -12.8
3946 -12.8
3947 -10.4
3948 -9.6
3949 -5.6
3950 -9.6
3951 -5.6
3952 -7.2
3953 -6.4
3954 -8
3955 -8.8
3956 -7.2
3957 -12.8
3958 -8.8
3959 -4.8
3960 -6.4
3961 -8
3962 -4.8
3963 -5.6
3964 -7.2
3965 -4
3966 -6.4
3967 -4
3968 -6.4
3969 -5.6
3970 -4
3971 -5.6
3972 -9.6
3973 -6.4
3974 -8
3975 -5.6
3976 -8
3977 -6.4
3978 -8
3979 -6.4
3980 -5.6
3981 -5.6
3982 -9.6
3983 -4.8
3984 -5.6
3985 -5.6
3986 -6.4
3987 -8.8
3988 -4
3989 -5.6
3990 -6.4
3991 -8
3992 -5.6
3993 -4
3994 -6.4
3995 -7.2
3996 -7.2
3997 -8.8
3998 -12
3999 -10.4
4000 -11.2
4001 -7.2
4002 -9.6
4003 -5.6
4004 -4
4005 -8.8
4006 -9.6
4007 -9.6
4008 -8.8
4009 -6.4
4010 -12
4011 -7.2
4012 -9.6
4013 -5.6
4014 -5.6
4015 -7.2
4016 -5.6
4017 -8
4018 -9.6
4019 -9.6
4020 -8.8
4021 -8.8
4022 -8
4023 -4.8
4024 -9.6
4025 -11.2
4026 -8
4027 -10.4
4028 -5.6
4029 -7.2
4030 -7.2
4031 -7.2
4032 -7.2
4033 -9.6
4034 -8
4035 -7.2
4036 -8
4037 -13.6
4038 -11.2
4039 -8
4040 -8.8
4041 -12
4042 -9.6
4043 -7.2
4044 -8.8
4045 -11.2
4046 -9.6
4047 -9.6
4048 -12
4049 -7.2
4050 -4.8
4051 -6.4
4052 -9.6
4053 -7.2
4054 -5.6
4055 -7.2
4056 -6.4
4057 -5.6
4058 -12
4059 -8
4060 -8
4061 -6.4
4062 -8
4063 -8.8
4064 -5.6
4065 -6.4
4066 -5.6
4067 -4.8
4068 -7.2
4069 -8.8
4070 -5.6
4071 -6.4
4072 -6.4
4073 -7.2
4074 -7.2
4075 -12
4076 -8
4077 -8
4078 -8.8
4079 -12
4080 -6.4
4081 -8
4082 -8
4083 -8.8
4084 -10.4
4085 -11.2
4086 -8.8
4087 -9.6
4088 -7.2
4089 -7.2
4090 -8
4091 -7.2
4092 -6.4
4093 -8.8
4094 -4.8
4095 -7.2
4096 -6.4
4097 -11.2
4098 -9.6
4099 -9.6
4100 -9.6
4101 -12.8
4102 -6.4
4103 -7.2
4104 -5.6
4105 -6.4
4106 -6.4
4107 -7.2
4108 -10.4
4109 -5.6
4110 -6.4
4111 -8.8
4112 -4.8
4113 -6.4
4114 -8
4115 -5.6
4116 -5.6
4117 -7.2
4118 -9.6
4119 -8.8
4120 -8
4121 -10.4
4122 -5.6
4123 -4.8
4124 -7.2
4125 -3.2
4126 -8
4127 -4
4128 -2.4
4129 -4
4130 -6.4
4131 -3.2
4132 -6.4
4133 -6.4
4134 -4.8
4135 -3.2
4136 -4.8
4137 -7.2
4138 -6.4
4139 -3.2
4140 -5.6
4141 -8.8
4142 -3.2
4143 -7.2
4144 -5.6
4145 -7.2
4146 -4.8
4147 -5.6
4148 -8
4149 -6.4
4150 -3.2
4151 -4.8
4152 -4.8
4153 -4.8
4154 -8
4155 -4
4156 -6.4
4157 -4
4158 -6.4
4159 -6.4
4160 -3.2
4161 -2.4
4162 -4.8
4163 -4
4164 -2.4
4165 -4.8
4166 -11.2
4167 -8
4168 -11.2
4169 -4.8
4170 -3.2
4171 -5.6
4172 -5.6
4173 -4.8
4174 -4
4175 -4
4176 -7.2
4177 -3.2
4178 -4.8
4179 -4
4180 -4
4181 -4.8
4182 -7.2
4183 -3.2
4184 -4
4185 -3.2
4186 -4
4187 -6.4
4188 -7.2
4189 -4
4190 -4
4191 -4.8
4192 -8.8
4193 -4.8
4194 -7.2
4195 -5.6
4196 -5.6
4197 -4.8
4198 -4
4199 -4.8
4200 -7.2
4201 -10.4
4202 -2.4
4203 -6.4
4204 -4.8
4205 -8
4206 -7.2
4207 -4
4208 -2.4
4209 -4
4210 -4
4211 -4
4212 -6.4
4213 -6.4
4214 -10.4
4215 -7.2
4216 -4
4217 -5.6
4218 -9.6
4219 -9.6
4220 -4
4221 -8.8
4222 -9.6
4223 -5.6
4224 -4.8
4225 -4
4226 -8
4227 -6.4
4228 -4
4229 -6.4
4230 -4.8
4231 -7.2
4232 -7.2
4233 -4
4234 -8.8
4235 -7.2
4236 -8.8
4237 -8
4238 -9.6
4239 -4
4240 -9.6
4241 -8.8
4242 -6.4
4243 -4
4244 -8.8
4245 -3.2
4246 -5.6
4247 -3.2
4248 -3.2
4249 -4.8
4250 -4.8
4251 -4.8
4252 -6.4
4253 -6.4
4254 -10.4
4255 -10.4
4256 -8.8
4257 -9.6
4258 -8
4259 -4
4260 -4
4261 -4
4262 -4.8
4263 -3.2
4264 -4
4265 -6.4
4266 -3.2
4267 -0.8
4268 -3.2
4269 -1.6
4270 -4.8
4271 -3.2
4272 -1.6
4273 -3.2
4274 -5.6
4275 -3.2
4276 -4
4277 -5.6
4278 -4.8
4279 -4.8
4280 -8
4281 -7.2
4282 -7.2
4283 -5.6
4284 -8
4285 -7.2
4286 -4.8
4287 -5.6
4288 -4.8
4289 -5.6
4290 -7.2
4291 -3.2
4292 -4.8
4293 -6.4
4294 -6.4
4295 -8.8
4296 -4.8
4297 -8
4298 -7.2
4299 -7.2
4300 -8
4301 -4
4302 -4.8
4303 -4
4304 -6.4
4305 -9.6
4306 -5.6
4307 -8
4308 -3.2
4309 -11.2
4310 -10.4
4311 -16
4312 -8
4313 -7.2
4314 -5.6
4315 -4
4316 -4
4317 -4
4318 -5.6
4319 -5.6
4320 -8
4321 -4.8
4322 -5.6
4323 -7.2
4324 -9.6
4325 -5.6
4326 -6.4
4327 -10.4
4328 -10.4
4329 -7.2
4330 -6.4
4331 -7.2
4332 -8
4333 -7.2
4334 -2.4
4335 -11.2
4336 -4.8
4337 -7.2
4338 -3.2
4339 -4.8
4340 -4.8
4341 -4.8
4342 -4
4343 -2.4
4344 -1.6
4345 -10.4
4346 -3.2
4347 -4.8
4348 -5.6
4349 -1.6
4350 -3.2
4351 -4.8
4352 -4
4353 -4
4354 -4.8
4355 -4.8
4356 -1.6
4357 -5.6
4358 -2.4
4359 -8
4360 -4
4361 -2.4
4362 -5.6
4363 -5.6
4364 -1.6
4365 -1.6
4366 -3.2
4367 -4
4368 -0.8
4369 -0.8
4370 -3.2
4371 -0.8
4372 -5.6
4373 -0.8
4374 -2.4
4375 -3.2
4376 -1.6
4377 -0.8
4378 -4.8
4379 0
4380 -2.4
4381 -2.4
4382 -5.6
4383 -4
4384 -4.8
4385 -4.8
4386 -4.8
4387 -4.8
4388 -4.8
4389 -5.6
4390 -4.8
4391 -3.2
4392 -7.2
4393 -5.6
4394 -6.4
4395 -0.8
4396 -4.8
4397 -8
4398 -1.6
4399 -2.4
4400 -2.4
4401 -7.2
4402 -3.2
4403 0
4404 -3.2
4405 -4
4406 -5.6
4407 -3.2
4408 -7.2
4409 -3.2
4410 -5.6
4411 -5.6
4412 -4
4413 -8.8
4414 -7.2
4415 -4
4416 -9.6
4417 -6.4
4418 -3.2
4419 -3.2
4420 -5.6
4421 -4
4422 -4.8
4423 -4.8
4424 -2.4
4425 -2.4
4426 -7.2
4427 -4.8
4428 -4.8
4429 -8
4430 -2.4
4431 -8.8
4432 -6.4
4433 -4
4434 -4.8
4435 -7.2
4436 -8
4437 -8
4438 -8
4439 -8
4440 -8.8
4441 -7.2
4442 -7.2
4443 -5.6
4444 -8
4445 -7.2
4446 -6.4
4447 -10.4
4448 -8
4449 -6.4
4450 -5.6
4451 -4.8
4452 -6.4
4453 -8.8
4454 -10.4
4455 -11.2
4456 -5.6
4457 -8.8
4458 -5.6
4459 -5.6
4460 -4.8
4461 -3.2
4462 -4
4463 -4
4464 -3.2
4465 -5.6
4466 -5.6
4467 -4
4468 -4
4469 -8.8
4470 -4
4471 -4
4472 -4.8
4473 -4.8
4474 -6.4
4475 -6.4
4476 -12
4477 -6.4
4478 -10.4
4479 -9.6
4480 -9.6
4481 -7.2
4482 -8
4483 -7.2
4484 -7.2
4485 -9.6
4486 -6.4
4487 -10.4
4488 -8
4489 -9.6
4490 -8
4491 -8
4492 -6.4
4493 -10.4
4494 -8
4495 -10.4
4496 -8
4497 -4.8
4498 -8.8
4499 -8
4500 -7.2
4501 -7.2
4502 -6.4
4503 -5.6
4504 -8
4505 -5.6
4506 -8.8
4507 -6.4
4508 -4.8
4509 -4.8
4510 -7.2
4511 -8
4512 -9.6
4513 -6.4
4514 -11.2
4515 -5.6
4516 -8
4517 -7.2
4518 -10.4
4519 -8
4520 -7.2
4521 -12
4522 -9.6
4523 -7.2
4524 -7.2
4525 -8.8
4526 -8
4527 -6.4
4528 -6.4
4529 -4.8
4530 -7.2
4531 -6.4
4532 -6.4
4533 -8.8
4534 -4.8
4535 -10.4
4536 -10.4
4537 -7.2
4538 -8.8
4539 -5.6
4540 -3.2
4541 -4
4542 -5.6
4543 -12
4544 -8.8
4545 -6.4
4546 -8
4547 -7.2
4548 -7.2
4549 -9.6
4550 -6.4
4551 -8.8
4552 -10.4
4553 -7.2
4554 -9.6
4555 -7.2
4556 -6.4
4557 -8.8
4558 -5.6
4559 -7.2
4560 -5.6
4561 -5.6
4562 -5.6
4563 -7.2
4564 -7.2
4565 -8
4566 -7.2
4567 -8
4568 -6.4
4569 -5.6
4570 -4
4571 -8
4572 -8
4573 -6.4
4574 -7.2
4575 -7.2
4576 -4
4577 -5.6
4578 -5.6
4579 -6.4
4580 -8
4581 -10.4
4582 -9.6
4583 -5.6
4584 -8
4585 -9.6
4586 -7.2
4587 -4.8
4588 -8
4589 -5.6
4590 -11.2
4591 -10.4
4592 -3.2
4593 -3.2
4594 -4.8
4595 -3.2
4596 -7.2
4597 -4
4598 -4.8
4599 -6.4
4600 -3.2
4601 -10.4
4602 -5.6
4603 -5.6
4604 -5.6
4605 -6.4
4606 -4.8
4607 -10.4
4608 -5.6
4609 -1.6
4610 -1.6
4611 -0.8
4612 -0.8
4613 -1.6
4614 -0.8
4615 -4
4616 -4.8
4617 -1.6
4618 -4.8
4619 -5.6
4620 -7.2
4621 -2.4
4622 -2.4
4623 -7.2
4624 -4.8
4625 -7.2
4626 -6.4
4627 -6.4
4628 -11.2
4629 -6.4
4630 -5.6
4631 -5.6
4632 -3.2
4633 -5.6
4634 -4.8
4635 -8.8
4636 -7.2
4637 -4
4638 -4.8
4639 -8.8
4640 -4.8
4641 -4
4642 -5.6
4643 -12
4644 -11.2
4645 -5.6
4646 -3.2
4647 -3.2
4648 -7.2
4649 -9.6
4650 -4
4651 -3.2
4652 -2.4
4653 -5.6
4654 -5.6
4655 -2.4
4656 -6.4
4657 -2.4
4658 -7.2
4659 -3.2
4660 -2.4
4661 -4.8
4662 -10.4
4663 -2.4
4664 -4.8
4665 -8
4666 -4
4667 -4
4668 -3.2
4669 -5.6
4670 -3.2
4671 -4.8
4672 -7.2
4673 -8.8
4674 -10.4
4675 -15.2
4676 -14.4
4677 -11.2
4678 -10.4
4679 -11.2
4680 -6.4
4681 -7.2
4682 -4.8
4683 -6.4
4684 -7.2
4685 -6.4
4686 -8
4687 -4
4688 -3.2
4689 -4
4690 -4
4691 -2.4
4692 -6.4
4693 -9.6
4694 -6.4
4695 -7.2
4696 -6.4
4697 -5.6
4698 -8.8
4699 -8
4700 -5.6
4701 -6.4
4702 -5.6
4703 -4
4704 -5.6
4705 -4
4706 -4.8
4707 -4
4708 -4
4709 -4.8
4710 -4.8
4711 -7.2
4712 -10.4
4713 -3.2
4714 -5.6
4715 -3.2
4716 -1.6
4717 -9.6
4718 -4
4719 -6.4
4720 -6.4
4721 -9.6
4722 -2.4
4723 -4
4724 -7.2
4725 -4
4726 -4
4727 -7.2
4728 -4.8
4729 -5.6
4730 -10.4
4731 -4.8
4732 -7.2
4733 -5.6
4734 -3.2
4735 -6.4
4736 -5.6
4737 -9.6
4738 -9.6
4739 -8
4740 -8
4741 -8
4742 -6.4
4743 -8
4744 -4.8
4745 -3.2
4746 -8.8
4747 -10.4
4748 -8
4749 -8
4750 -15.2
4751 -4.8
4752 -6.4
4753 -4
4754 -10.4
4755 -11.2
4756 -5.6
4757 -4.8
4758 -5.6
4759 -7.2
4760 -7.2
4761 -7.2
4762 -4.8
