0 7
1 8.8
2 10.8
3 11.2
4 10.8
5 11
6 11
7 11.2
8 10.8
9 11.2
10 11.4
11 11.2
12 11.2
13 11.2
14 11.2
15 11.2
16 11.2
17 11.2
18 11.2
19 11.2
20 11.2
21 11.2
22 11.4
23 11.4
24 11
25 11.6
26 11.6
27 12
28 11.8
29 12
30 11.8
31 12
32 11.8
33 11.8
34 11.6
35 11.4
36 11.8
37 11.8
38 12
39 12
40 11.8
41 12
42 12
43 11.8
44 12
45 12
46 12
47 11.4
48 12
49 12
50 11.8
51 12
52 11.8
53 11.8
54 12
55 12
56 11.6
57 12
58 12
59 11.6
60 11.8
61 12
62 12
63 12
64 12
65 12
66 12
67 11.8
68 12
69 12
70 12
71 12
72 12
73 11.8
74 12
75 12
76 12
77 12
78 12
79 12
80 11.4
81 12
82 12
83 11.8
84 11.8
85 11.8
86 12
87 12
88 12
89 12
90 11.8
91 12
92 12
93 12
94 12
95 12
96 11.8
97 11.6
98 12
99 12
100 12
