0 6.8
1 8.6
2 10.2
3 10.2
4 10.4
5 10.4
6 10.8
7 11
8 11.4
9 11.8
10 11.8
11 11.6
12 12
13 12.4
14 12.4
15 12.6
16 12.8
17 12.8
18 12.8
19 12.8
20 12.8
21 12.8
22 12.8
23 12.8
24 12.6
25 12.6
26 12.6
27 12.6
28 12.6
29 12.6
30 12.6
31 12.6
32 12.6
33 12.4
34 12.4
35 12.4
36 12.4
37 12.2
38 12.2
39 13
40 13
41 12.8
42 12.8
43 12.6
44 12.6
45 12.6
46 12.6
47 12.8
48 13.2
49 13.2
50 13.2
51 13.2
52 13.2
53 13.2
54 13
55 12.8
56 13
57 12.8
58 13
59 13
60 13
61 13
62 13
63 13
64 13
65 13
66 13
67 13
68 13
69 13
70 13
71 13
72 13
73 13
74 13
75 13
76 13
77 13
78 13
79 13
80 13
81 13
82 13
83 12.8
84 12.8
85 12.8
86 12.8
87 12.8
88 12.8
89 12.8
90 12.8
91 12.8
92 12.8
93 12.8
94 12.8
95 12.8
96 12.8
97 12.8
98 12.8
99 12.8
100 12.8
