0 8.2
1 10.6
2 11
3 11.4
4 11.6
5 11.6
6 11.6
7 11.6
8 11.6
9 11.8
10 11.4
11 11
12 11.2
13 11.2
14 11
15 11
16 11.2
17 11.4
18 11.4
19 11.6
20 11.8
21 11.8
22 12.2
23 12.2
24 12.2
25 11.6
26 11.8
27 12
28 12.6
29 13.6
30 13.6
31 13.6
32 13.6
33 13.2
34 13.6
35 13.6
36 13.6
37 13.6
38 13.6
39 13.6
40 13.6
41 13.6
42 13.4
43 13.4
44 13.6
45 13.6
46 13.4
47 13.8
48 13.8
49 13.8
50 13.8
51 13.8
52 13.8
53 13.8
54 14
55 13.8
56 13.6
57 13.6
58 14
59 14
60 14
61 13.8
62 13.8
63 13.8
64 13.8
65 13.8
66 13.6
67 13.6
68 14
69 14
70 14
71 13.8
72 13.6
73 13.4
74 13.4
75 13.8
76 13.8
77 13.8
78 13.8
79 13.8
80 13.8
81 13.8
82 14
83 14
84 13.8
85 13.8
86 13.8
87 13.8
88 13.8
89 13.8
90 13.8
91 13.8
92 13.8
93 13.8
94 13.8
95 13.8
96 13.8
97 13.8
98 13.8
99 13.8
100 13.8
